0.005	2.04861e-08
0.01	9.43655e-10
0.015	1.48391e-10
0.02	1.56051e-10
0.025	1.39091e-10
0.03	1.39256e-10
0.035	1.14887e-10
0.04	1.24516e-10
0.045	1.26717e-10
0.05	1.34188e-10
0.055	1.20191e-10
0.06	9.96045e-11
0.065	8.91553e-11
0.07	1.21985e-10
0.075	1.10625e-10
0.08	9.76471e-11
0.085	8.38829e-11
0.09	1.18844e-10
0.095	1.20837e-10
0.1	1.16956e-10
0.105	1.12386e-10
0.11	1.05172e-10
0.115	9.44329e-11
0.12	1.10985e-10
0.125	9.825e-11
0.13	9.08837e-11
0.135	8.61437e-11
0.14	8.31072e-11
0.145	8.37869e-11
0.15	8.10718e-11
0.155	8.0972e-11
0.16	9.5679e-11
0.165	8.84464e-11
0.17	8.29635e-11
0.175	8.25605e-11
0.18	1.0288e-10
0.185	9.07392e-11
0.19	8.4588e-11
0.195	9.84177e-11
0.2	6.64596e-11
0.205	9.76491e-11
0.21	9.4384e-11
0.215	9.30416e-11
0.22	9.05154e-11
0.225	7.97543e-11
0.23	8.01274e-11
0.235	9.27866e-11
0.24	8.90214e-11
0.245	9.31075e-11
0.25	9.10203e-11
0.255	9.3919e-11
0.26	9.27236e-11
0.265	9.03352e-11
0.27	7.81024e-11
0.275	7.46636e-11
0.28	7.20424e-11
0.285	6.67348e-11
0.29	6.50277e-11
0.295	9.3011e-11
0.3	9.0027e-11
0.305	8.50439e-11
0.31	8.08112e-11
0.315	7.67361e-11
0.32	7.37003e-11
0.325	7.39734e-11
0.33	6.71284e-11
0.335	7.0746e-11
0.34	6.58025e-11
0.345	7.10973e-11
0.35	6.6753e-11
0.355	7.14918e-11
0.36	7.16171e-11
0.365	6.90702e-11
0.37	7.28704e-11
0.375	6.33025e-11
0.38	6.41892e-11
0.385	6.61322e-11
0.39	6.01002e-11
0.395	6.1146e-11
0.4	7.43804e-11
0.405	7.92705e-11
0.41	5.56566e-11
0.415	8.46907e-11
0.42	7.71183e-11
0.425	6.65567e-11
0.43	6.85917e-11
0.435	6.96363e-11
0.44	7.15884e-11
0.445	6.93986e-11
0.45	6.49042e-11
0.455	8.3598e-11
0.46	6.45712e-11
0.465	6.64414e-11
0.47	6.02304e-11
0.475	5.95296e-11
0.48	6.02461e-11
0.485	5.96838e-11
0.49	6.10324e-11
0.495	6.12009e-11
0.5	6.04525e-11
