0.005	-5.14143e-08
0.01	7.63015e-09
0.015	-1.11341e-09
0.02	-1.15749e-08
0.025	-2.12786e-08
0.03	-3.07768e-08
0.035	-4.00305e-08
0.04	-4.89513e-08
0.045	-5.76371e-08
0.05	-6.60846e-08
0.055	-7.43174e-08
0.06	-8.23461e-08
0.065	-9.01782e-08
0.07	-9.78172e-08
0.075	-1.05271e-07
0.08	-1.12548e-07
0.085	-1.19656e-07
0.09	-1.26564e-07
0.095	-1.33323e-07
0.1	-1.39923e-07
0.105	-1.46367e-07
0.11	-1.52661e-07
0.115	-1.58808e-07
0.12	-1.64809e-07
0.125	-1.70667e-07
0.13	-1.76375e-07
0.135	-1.82001e-07
0.14	-1.87478e-07
0.145	-1.92815e-07
0.15	-1.98062e-07
0.155	-2.03169e-07
0.16	-2.08174e-07
0.165	-2.13028e-07
0.17	-2.17776e-07
0.175	-2.22412e-07
0.18	-2.26944e-07
0.185	-2.31395e-07
0.19	-2.35751e-07
0.195	-2.39988e-07
0.2	-2.44131e-07
0.205	-2.48186e-07
0.21	-2.52151e-07
0.215	-2.56031e-07
0.22	-2.59843e-07
0.225	-2.63575e-07
0.23	-2.6721e-07
0.235	-2.70779e-07
0.24	-2.74258e-07
0.245	-2.77663e-07
0.25	-2.81003e-07
0.255	-2.84328e-07
0.26	-2.87567e-07
0.265	-2.90743e-07
0.27	-2.93873e-07
0.275	-2.9694e-07
0.28	-2.99918e-07
0.285	-3.02844e-07
0.29	-3.05709e-07
0.295	-3.08516e-07
0.3	-3.11268e-07
0.305	-3.13965e-07
0.31	-3.16608e-07
0.315	-3.19198e-07
0.32	-3.21735e-07
0.325	-3.24225e-07
0.33	-3.26668e-07
0.335	-3.29063e-07
0.34	-3.31413e-07
0.345	-3.33716e-07
0.35	-3.3597e-07
0.355	-3.38201e-07
0.36	-3.40391e-07
0.365	-3.42522e-07
0.37	-3.44625e-07
0.375	-3.46691e-07
0.38	-3.48711e-07
0.385	-3.50696e-07
0.39	-3.52643e-07
0.395	-3.54556e-07
0.4	-3.56433e-07
0.405	-3.58279e-07
0.41	-3.60092e-07
0.415	-3.61873e-07
0.42	-3.63623e-07
0.425	-3.6534e-07
0.43	-3.67029e-07
0.435	-3.68688e-07
0.44	-3.7032e-07
0.445	-3.71927e-07
0.45	-3.73505e-07
0.455	-3.75066e-07
0.46	-3.76615e-07
0.465	-3.78119e-07
0.47	-3.79603e-07
0.475	-3.81055e-07
0.48	-3.82481e-07
0.485	-3.83892e-07
0.49	-3.85279e-07
0.495	-3.86643e-07
0.5	-3.87978e-07
