0.005	0.0300012
0.01	0.12648
0.015	0.125236
0.02	0.124003
0.025	0.12289
0.03	0.121887
0.035	0.120987
0.04	0.120184
0.045	0.119468
0.05	0.118827
0.055	0.118358
0.06	0.117935
0.065	0.117552
0.07	0.117206
0.075	0.116893
0.08	0.116609
0.085	0.116352
0.09	0.116117
0.095	0.115902
0.1	0.116314
0.105	0.116802
0.11	0.11726
0.115	0.117689
0.12	0.118091
0.125	0.118467
0.13	0.118819
0.135	0.119147
0.14	0.119454
0.145	0.119739
0.15	0.120004
0.155	0.12025
0.16	0.120477
0.165	0.120687
0.17	0.12088
0.175	0.121057
0.18	0.121219
0.185	0.121365
0.19	0.121497
0.195	0.121616
0.2	0.121721
0.205	0.121813
0.21	0.121893
0.215	0.121962
0.22	0.12202
0.225	0.122066
0.23	0.122103
0.235	0.12213
0.24	0.122148
0.245	0.122158
0.25	0.122159
0.255	0.122152
0.26	0.122138
0.265	0.122117
0.27	0.122089
0.275	0.122056
0.28	0.122017
0.285	0.121972
0.29	0.121923
0.295	0.12187
0.3	0.121812
0.305	0.121751
0.31	0.121686
0.315	0.121618
0.32	0.121548
0.325	0.121475
0.33	0.1214
0.335	0.121323
0.34	0.121244
0.345	0.121164
0.35	0.121083
0.355	0.121001
0.36	0.120919
0.365	0.120836
0.37	0.120752
0.375	0.120669
0.38	0.120585
0.385	0.120502
0.39	0.120419
0.395	0.120337
0.4	0.120255
0.405	0.120174
0.41	0.120094
0.415	0.120015
0.42	0.119937
0.425	0.11986
0.43	0.119784
0.435	0.11971
0.44	0.119637
0.445	0.119565
0.45	0.119495
0.455	0.119426
0.46	0.119358
0.465	0.119293
0.47	0.119228
0.475	0.119166
0.48	0.119286
0.485	0.119461
0.49	0.119633
0.495	0.119803
0.5	0.119971
