0.005	0.000132777
0.01	0.0148199
0.015	0.0148176
0.02	0.0148179
0.025	0.0148192
0.03	0.0148211
0.035	0.0148232
0.04	0.0148253
0.045	0.0148274
0.05	0.0148295
0.055	0.0148316
0.06	0.0148336
0.065	0.0148356
0.07	0.0148375
0.075	0.0148394
0.08	0.0148414
0.085	0.0148433
0.09	0.0148452
0.095	0.0148471
0.1	0.014849
0.105	0.0148509
0.11	0.0148528
0.115	0.0148548
0.12	0.0148569
0.125	0.0148589
0.13	0.014861
0.135	0.0148631
0.14	0.0148652
0.145	0.0148674
0.15	0.0148695
0.155	0.0148719
0.16	0.0148743
0.165	0.0148768
0.17	0.0148793
0.175	0.0148817
0.18	0.0148842
0.185	0.0148867
0.19	0.0148893
0.195	0.0148919
0.2	0.0148945
0.205	0.014897
0.21	0.0148995
0.215	0.0149021
0.22	0.0149046
0.225	0.0149071
0.23	0.0149097
0.235	0.0149122
0.24	0.0149146
0.245	0.0149171
0.25	0.0149195
0.255	0.0149219
0.26	0.0149242
0.265	0.0149266
0.27	0.0149289
0.275	0.0149312
0.28	0.0149334
0.285	0.0149357
0.29	0.0149379
0.295	0.01494
0.3	0.014942
0.305	0.0149441
0.31	0.0149461
0.315	0.014948
0.32	0.01495
0.325	0.0149519
0.33	0.0149537
0.335	0.0149556
0.34	0.0149573
0.345	0.014959
0.35	0.0149606
0.355	0.0149622
0.36	0.0149637
0.365	0.0149652
0.37	0.0149666
0.375	0.014968
0.38	0.0149694
0.385	0.0149706
0.39	0.0149719
0.395	0.014973
0.4	0.0149742
0.405	0.0149753
0.41	0.0149764
0.415	0.0149774
0.42	0.0149784
0.425	0.0149793
0.43	0.0149801
0.435	0.0149809
0.44	0.0149817
0.445	0.0149824
0.45	0.014983
0.455	0.0149836
0.46	0.0149841
0.465	0.0149845
0.47	0.0149849
0.475	0.0149853
0.48	0.0149856
0.485	0.0149859
0.49	0.0149861
0.495	0.0149863
0.5	0.0149865
