0.005	1
0.01	0.0128091
0.015	0.095961
0.02	0.0584078
0.025	0.04198
0.03	0.0317991
0.035	0.025758
0.04	0.0216199
0.045	0.0180781
0.05	0.0155076
0.055	0.0136522
0.06	0.0122071
0.065	0.0111327
0.07	0.010178
0.075	0.00957578
0.08	0.00907763
0.085	0.00857643
0.09	0.00787149
0.095	0.00726993
0.1	0.00703047
0.105	0.00692117
0.11	0.0064494
0.115	0.00620939
0.12	0.00581276
0.125	0.00581587
0.13	0.0054917
0.135	0.00534795
0.14	0.00522087
0.145	0.00515273
0.15	0.00507539
0.155	0.00485779
0.16	0.00464828
0.165	0.00464634
0.17	0.00460078
0.175	0.00448541
0.18	0.00435272
0.185	0.00437627
0.19	0.00431508
0.195	0.00402582
0.2	0.00408199
0.205	0.00389697
0.21	0.00388548
0.215	0.00380884
0.22	0.00394705
0.225	0.00379373
0.23	0.0036819
0.235	0.00363554
0.24	0.00343955
0.245	0.00343287
0.25	0.00332975
0.255	0.00339031
0.26	0.00319594
0.265	0.00324066
0.27	0.00315224
0.275	0.00327492
0.28	0.00316571
0.285	0.0030395
0.29	0.00296522
0.295	0.00291759
0.3	0.00293041
0.305	0.00299169
0.31	0.00304268
0.315	0.00285345
0.32	0.00302049
0.325	0.00285781
0.33	0.00276907
0.335	0.00272816
0.34	0.0026881
0.345	0.00263869
0.35	0.00268647
0.355	0.00269687
0.36	0.00272545
0.365	0.00265883
0.37	0.00260877
0.375	0.0025057
0.38	0.00254503
0.385	0.00241645
0.39	0.00249973
0.395	0.00241057
0.4	0.00274392
0.405	0.0025502
0.41	0.00231414
0.415	0.00221327
0.42	0.00215309
0.425	0.00214804
0.43	0.00215479
0.435	0.00217748
0.44	0.00222436
0.445	0.00202963
0.45	0.00192448
0.455	0.00188263
0.46	0.00186295
0.465	0.00186843
0.47	0.00184672
0.475	0.00179632
0.48	0.00191978
0.485	0.00180732
0.49	0.00182013
0.495	0.00196912
0.5	0.0017572
