0.005	0.00107947
0.01	0.0357795
0.015	0.0062415
0.02	0.00346416
0.025	0.00251344
0.03	0.00201161
0.035	0.00169142
0.04	0.00126785
0.045	0.00107886
0.05	0.000930155
0.055	0.000816919
0.06	0.000734905
0.065	0.000671319
0.07	0.000618999
0.075	0.000572738
0.08	0.000531166
0.085	0.000497327
0.09	0.000405418
0.095	0.000388194
0.1	0.000377626
0.105	0.000366636
0.11	0.000355591
0.115	0.000343716
0.12	0.000334674
0.125	0.000328469
0.13	0.000321558
0.135	0.000315582
0.14	0.00031007
0.145	0.000304354
0.15	0.000296153
0.155	0.000287554
0.16	0.000261125
0.165	0.000256173
0.17	0.000248257
0.175	0.000243848
0.18	0.000237092
0.185	0.000253275
0.19	0.000239809
0.195	0.000219456
0.2	0.000214301
0.205	0.000209082
0.21	0.000204963
0.215	0.000201488
0.22	0.000230083
0.225	0.000222326
0.23	0.000188238
0.235	0.000211201
0.24	0.000181598
0.245	0.000179866
0.25	0.000175119
0.255	0.00019335
0.26	0.000184899
0.265	0.000181191
0.27	0.000173026
0.275	0.000190723
0.28	0.000185525
0.285	0.000162476
0.29	0.000158806
0.295	0.00015576
0.3	0.00016931
0.305	0.000168055
0.31	0.000169104
0.315	0.000161095
0.32	0.000163739
0.325	0.000153718
0.33	0.000150477
0.335	0.000148507
0.34	0.000143996
0.345	0.000140732
0.35	0.000140341
0.355	0.000138885
0.36	0.000137374
0.365	0.000132502
0.37	0.000127995
0.375	0.000125759
0.38	0.000125123
0.385	0.000118056
0.39	0.000119774
0.395	0.000114446
0.4	0.000151977
0.405	0.000144016
0.41	0.000108262
0.415	0.000102421
0.42	9.94456e-05
0.425	0.000121848
0.43	0.000121719
0.435	0.000118208
0.44	0.000123831
0.445	0.000113473
0.45	0.000106052
0.455	0.000103873
0.46	0.000101675
0.465	0.000100069
0.47	9.93298e-05
0.475	9.55498e-05
0.48	9.93421e-05
0.485	9.28308e-05
0.49	9.36672e-05
0.495	9.84623e-05
0.5	8.84999e-05
