0.005	7.92042e-07
0.01	7.69784e-07
0.015	7.5452e-07
0.02	8.66849e-07
0.025	8.26484e-07
0.03	8.7071e-07
0.035	7.47438e-07
0.04	8.36821e-07
0.045	8.75488e-07
0.05	9.50458e-07
0.055	8.70605e-07
0.06	7.35765e-07
0.065	6.70481e-07
0.07	9.33121e-07
0.075	8.59687e-07
0.08	7.70645e-07
0.085	6.71897e-07
0.09	9.65682e-07
0.095	9.95738e-07
0.1	9.76789e-07
0.105	9.50538e-07
0.11	8.99584e-07
0.115	8.15344e-07
0.12	9.66633e-07
0.125	8.63238e-07
0.13	8.05342e-07
0.135	7.69631e-07
0.14	7.48385e-07
0.145	7.60405e-07
0.15	7.41756e-07
0.155	7.46614e-07
0.16	8.89108e-07
0.165	8.28734e-07
0.17	7.8247e-07
0.175	7.84004e-07
0.18	9.83489e-07
0.185	8.73806e-07
0.19	8.21211e-07
0.195	9.62315e-07
0.2	6.54227e-07
0.205	9.67133e-07
0.21	9.40472e-07
0.215	9.32462e-07
0.22	9.11931e-07
0.225	8.08037e-07
0.23	8.16025e-07
0.235	9.49987e-07
0.24	9.15493e-07
0.245	9.61611e-07
0.25	9.44029e-07
0.255	9.7744e-07
0.26	9.68274e-07
0.265	9.46192e-07
0.27	8.20398e-07
0.275	7.86451e-07
0.28	7.60828e-07
0.285	7.06428e-07
0.29	6.8987e-07
0.295	9.88765e-07
0.3	9.58835e-07
0.305	9.07239e-07
0.31	8.6378e-07
0.315	8.21456e-07
0.32	7.90144e-07
0.325	7.94238e-07
0.33	7.21686e-07
0.335	7.61505e-07
0.34	7.09049e-07
0.345	7.66862e-07
0.35	7.2058e-07
0.355	7.72162e-07
0.36	7.74436e-07
0.365	7.47594e-07
0.37	7.89106e-07
0.375	6.85773e-07
0.38	6.95792e-07
0.385	7.17003e-07
0.39	6.51578e-07
0.395	6.62966e-07
0.4	8.07001e-07
0.405	8.60237e-07
0.41	6.03948e-07
0.415	9.18977e-07
0.42	8.36842e-07
0.425	7.22224e-07
0.43	7.44279e-07
0.435	7.55529e-07
0.44	7.76602e-07
0.445	7.52751e-07
0.45	7.03886e-07
0.455	9.06479e-07
0.46	7.00072e-07
0.465	7.20265e-07
0.47	6.5286e-07
0.475	6.45186e-07
0.48	6.52867e-07
0.485	6.46685e-07
0.49	6.61088e-07
0.495	6.63078e-07
0.5	6.54853e-07
