0.005	0.0388539
0.01	0.000439585
0.015	0.00438961
0.02	0.00239681
0.025	0.0017898
0.03	0.00148602
0.035	0.00128526
0.04	0.000923822
0.045	0.000805511
0.05	0.000710706
0.055	0.000638145
0.06	0.000584896
0.065	0.000541644
0.07	0.000505664
0.075	0.000472552
0.08	0.000442589
0.085	0.00041767
0.09	0.000334213
0.095	0.000320374
0.1	0.000311889
0.105	0.000301316
0.11	0.000293084
0.115	0.000283211
0.12	0.000277647
0.125	0.00027296
0.13	0.00026953
0.135	0.000264398
0.14	0.000260813
0.145	0.00025624
0.15	0.000248656
0.155	0.000238026
0.16	0.000211384
0.165	0.000202392
0.17	0.000197395
0.175	0.000190704
0.18	0.000185468
0.185	0.000212426
0.19	0.000198282
0.195	0.000172496
0.2	0.000168302
0.205	0.000160923
0.21	0.000157952
0.215	0.000154423
0.22	0.000196686
0.225	0.000187658
0.23	0.000145907
0.235	0.000176922
0.24	0.000138355
0.245	0.000136057
0.25	0.000132555
0.255	0.00016856
0.26	0.000154873
0.265	0.000153413
0.27	0.000142023
0.275	0.000160595
0.28	0.000157915
0.285	0.000134291
0.29	0.000130714
0.295	0.000128013
0.3	0.000143616
0.305	0.000141825
0.31	0.000139692
0.315	0.000134299
0.32	0.000134481
0.325	0.000127754
0.33	0.000125058
0.335	0.000123673
0.34	0.00011974
0.345	0.000116272
0.35	0.000114683
0.355	0.000112831
0.36	0.000112279
0.365	0.000107939
0.37	0.000103436
0.375	0.000102098
0.38	0.000102424
0.385	9.56674e-05
0.39	9.57319e-05
0.395	9.23346e-05
0.4	0.000135386
0.405	0.000124883
0.41	8.66726e-05
0.415	8.24039e-05
0.42	7.9457e-05
0.425	0.000106521
0.43	0.000106697
0.435	0.000101965
0.44	0.000106438
0.445	9.91096e-05
0.45	9.17249e-05
0.455	8.94918e-05
0.46	8.75169e-05
0.465	8.53008e-05
0.47	8.39011e-05
0.475	8.0933e-05
0.48	8.44795e-05
0.485	7.84271e-05
0.49	7.75901e-05
0.495	7.85762e-05
0.5	7.39158e-05
