0.005	63
0.01	76
0.015	67
0.02	57
0.025	55
0.03	55
0.035	54
0.04	53
0.045	53
0.05	53
0.055	53
0.06	53
0.065	53
0.07	52
0.075	52
0.08	52
0.085	52
0.09	50
0.095	50
0.1	50
0.105	50
0.11	50
0.115	50
0.12	49
0.125	49
0.13	49
0.135	49
0.14	49
0.145	49
0.15	49
0.155	49
0.16	48
0.165	48
0.17	48
0.175	48
0.18	47
0.185	48
0.19	48
0.195	47
0.2	48
0.205	47
0.21	47
0.215	47
0.22	47
0.225	47
0.23	47
0.235	46
0.24	46
0.245	45
0.25	45
0.255	47
0.26	47
0.265	47
0.27	47
0.275	48
0.28	48
0.285	47
0.29	47
0.295	46
0.3	47
0.305	47
0.31	47
0.315	47
0.32	47
0.325	47
0.33	47
0.335	47
0.34	47
0.345	47
0.35	47
0.355	47
0.36	47
0.365	47
0.37	47
0.375	47
0.38	47
0.385	47
0.39	47
0.395	47
0.4	47
0.405	47
0.41	47
0.415	46
0.42	46
0.425	47
0.43	47
0.435	47
0.44	42
0.445	40
0.45	42
0.455	40
0.46	40
0.465	40
0.47	40
0.475	40
0.48	40
0.485	40
0.49	40
0.495	40
0.5	40
