0.005	47
0.01	47
0.015	12
0.02	12
0.025	12
0.03	12
0.035	12
0.04	13
0.045	13
0.05	13
0.055	13
0.06	13
0.065	13
0.07	13
0.075	13
0.08	13
0.085	13
0.09	14
0.095	14
0.1	14
0.105	14
0.11	14
0.115	14
0.12	14
0.125	14
0.13	14
0.135	14
0.14	14
0.145	14
0.15	14
0.155	14
0.16	15
0.165	15
0.17	15
0.175	15
0.18	15
0.185	14
0.19	14
0.195	15
0.2	15
0.205	15
0.21	15
0.215	15
0.22	14
0.225	14
0.23	15
0.235	14
0.24	15
0.245	15
0.25	15
0.255	9
0.26	7
0.265	7
0.27	7
0.275	6
0.28	6
0.285	7
0.29	7
0.295	7
0.3	6
0.305	6
0.31	6
0.315	6
0.32	6
0.325	6
0.33	6
0.335	6
0.34	6
0.345	6
0.35	6
0.355	6
0.36	6
0.365	6
0.37	6
0.375	6
0.38	6
0.385	6
0.39	6
0.395	6
0.4	5
0.405	5
0.41	6
0.415	6
0.42	6
0.425	5
0.43	5
0.435	5
0.44	5
0.445	5
0.45	5
0.455	5
0.46	5
0.465	5
0.47	5
0.475	5
0.48	5
0.485	5
0.49	5
0.495	5
0.5	5
