0.005	0
0.01	1.26347e-07
0.015	5.66638e-06
0.02	4.47726e-06
0.025	3.97577e-06
0.03	3.65237e-06
0.035	3.40458e-06
0.04	3.19656e-06
0.045	3.0213e-06
0.05	2.87472e-06
0.055	2.75522e-06
0.06	2.65462e-06
0.065	2.56759e-06
0.07	2.4923e-06
0.075	2.42873e-06
0.08	2.37273e-06
0.085	2.32368e-06
0.09	2.28579e-06
0.095	2.25074e-06
0.1	2.21982e-06
0.105	2.19319e-06
0.11	2.16827e-06
0.115	2.14079e-06
0.12	2.11671e-06
0.125	2.09061e-06
0.13	2.06553e-06
0.135	2.04294e-06
0.14	2.02126e-06
0.145	2.00027e-06
0.15	1.97827e-06
0.155	1.95703e-06
0.16	1.93402e-06
0.165	1.91045e-06
0.17	1.8872e-06
0.175	1.86495e-06
0.18	1.84516e-06
0.185	1.8276e-06
0.19	1.80737e-06
0.195	1.78387e-06
0.2	1.76392e-06
0.205	1.74387e-06
0.21	1.72537e-06
0.215	1.70707e-06
0.22	1.69079e-06
0.225	1.67475e-06
0.23	1.65734e-06
0.235	1.64346e-06
0.24	1.62814e-06
0.245	1.61479e-06
0.25	1.60234e-06
0.255	1.58823e-06
0.26	1.57443e-06
0.265	1.55922e-06
0.27	1.54388e-06
0.275	1.52949e-06
0.28	1.51617e-06
0.285	1.50148e-06
0.29	1.48676e-06
0.295	1.4726e-06
0.3	1.45823e-06
0.305	1.44375e-06
0.31	1.42959e-06
0.315	1.4174e-06
0.32	1.4041e-06
0.325	1.39088e-06
0.33	1.37637e-06
0.335	1.36216e-06
0.34	1.34727e-06
0.345	1.33141e-06
0.35	1.31616e-06
0.355	1.30115e-06
0.36	1.28536e-06
0.365	1.26993e-06
0.37	1.25597e-06
0.375	1.24167e-06
0.38	1.22801e-06
0.385	1.21506e-06
0.39	1.20051e-06
0.395	1.18692e-06
0.4	1.17366e-06
0.405	1.16233e-06
0.41	1.1522e-06
0.415	1.14106e-06
0.42	1.12911e-06
0.425	1.11657e-06
0.43	1.10403e-06
0.435	1.09181e-06
0.44	1.07948e-06
0.445	1.06824e-06
0.45	1.05648e-06
0.455	1.04522e-06
0.46	1.03394e-06
0.465	1.02297e-06
0.47	1.01223e-06
0.475	1.00085e-06
0.48	9.89455e-07
0.485	9.80169e-07
0.49	9.68924e-07
0.495	9.57519e-07
0.5	9.495e-07
