0.005	1.90194e-07
0.01	1.46568e-07
0.015	4.27874e-06
0.02	3.69109e-06
0.025	3.33151e-06
0.03	3.07546e-06
0.035	2.8767e-06
0.04	2.71825e-06
0.045	2.59372e-06
0.05	2.50006e-06
0.055	2.41907e-06
0.06	2.34482e-06
0.065	2.27502e-06
0.07	2.20951e-06
0.075	2.14814e-06
0.08	2.08977e-06
0.085	2.03451e-06
0.09	1.98212e-06
0.095	1.93262e-06
0.1	1.88528e-06
0.105	1.8403e-06
0.11	1.79733e-06
0.115	1.75667e-06
0.12	1.71808e-06
0.125	1.68143e-06
0.13	1.64688e-06
0.135	1.61375e-06
0.14	1.58219e-06
0.145	1.5516e-06
0.15	1.52211e-06
0.155	1.49398e-06
0.16	1.46766e-06
0.165	1.44263e-06
0.17	1.41863e-06
0.175	1.39543e-06
0.18	1.37274e-06
0.185	1.35087e-06
0.19	1.32996e-06
0.195	1.30965e-06
0.2	1.28999e-06
0.205	1.27115e-06
0.21	1.25275e-06
0.215	1.23543e-06
0.22	1.21916e-06
0.225	1.20349e-06
0.23	1.18853e-06
0.235	1.17407e-06
0.24	1.16076e-06
0.245	1.1482e-06
0.25	1.13606e-06
0.255	1.12447e-06
0.26	1.11325e-06
0.265	1.10242e-06
0.27	1.09242e-06
0.275	1.08264e-06
0.28	1.07303e-06
0.285	1.06379e-06
0.29	1.05456e-06
0.295	1.04559e-06
0.3	1.03669e-06
0.305	1.02809e-06
0.31	1.01949e-06
0.315	1.0107e-06
0.32	1.0019e-06
0.325	9.92836e-07
0.33	9.8378e-07
0.335	9.74672e-07
0.34	9.65649e-07
0.345	9.56719e-07
0.35	9.47835e-07
0.355	9.38914e-07
0.36	9.30098e-07
0.365	9.21122e-07
0.37	9.12066e-07
0.375	9.03127e-07
0.38	8.94191e-07
0.385	8.85127e-07
0.39	8.76224e-07
0.395	8.67353e-07
0.4	8.58439e-07
0.405	8.49469e-07
0.41	8.40553e-07
0.415	8.31702e-07
0.42	8.22842e-07
0.425	8.13969e-07
0.43	8.05038e-07
0.435	7.96054e-07
0.44	7.87193e-07
0.445	7.78073e-07
0.45	7.69312e-07
0.455	7.60856e-07
0.46	7.52424e-07
0.465	7.44043e-07
0.47	7.35735e-07
0.475	7.27601e-07
0.48	7.19522e-07
0.485	7.11436e-07
0.49	7.03446e-07
0.495	6.95527e-07
0.5	6.87487e-07
