0.005	0
0.01	0
0.015	0
0.02	1
0.025	1
0.03	1
0.035	1
0.04	1
0.045	1
0.05	1
0.055	1
0.06	2
0.065	2
0.07	2
0.075	2
0.08	2
0.085	2
0.09	2
0.095	3
0.1	3
0.105	3
0.11	3
0.115	3
0.12	3
0.125	4
0.13	4
0.135	4
0.14	4
0.145	4
0.15	4
0.155	4
0.16	4
0.165	5
0.17	5
0.175	5
0.18	5
0.185	5
0.19	5
0.195	5
0.2	6
0.205	6
0.21	6
0.215	6
0.22	6
0.225	6
0.23	6
0.235	7
0.24	7
0.245	7
0.25	7
0.255	7
0.26	7
0.265	7
0.27	7
0.275	7
0.28	8
0.285	8
0.29	8
0.295	8
0.3	8
0.305	8
0.31	8
0.315	9
0.32	9
0.325	9
0.33	9
0.335	9
0.34	9
0.345	9
0.35	9
0.355	9
0.36	10
0.365	10
0.37	10
0.375	10
0.38	10
0.385	10
0.39	10
0.395	10
0.4	11
0.405	11
0.41	11
0.415	11
0.42	11
0.425	11
0.43	12
0.435	12
0.44	12
0.445	12
0.45	12
0.455	12
0.46	12
0.465	12
0.47	12
0.475	12
0.48	13
0.485	13
0.49	13
0.495	13
0.5	13
