0.005	-5.12386e-08
0.01	5.90464e-08
0.015	-8.74038e-09
0.02	-1.04668e-08
0.025	-9.69588e-09
0.03	-9.49505e-09
0.035	-9.25133e-09
0.04	-8.9162e-09
0.045	-8.68766e-09
0.05	-8.44825e-09
0.055	-8.23273e-09
0.06	-8.02904e-09
0.065	-7.83122e-09
0.07	-7.64058e-09
0.075	-7.45518e-09
0.08	-7.27758e-09
0.085	-7.10787e-09
0.09	-6.90581e-09
0.095	-6.7578e-09
0.1	-6.59858e-09
0.105	-6.44333e-09
0.11	-6.29389e-09
0.115	-6.14564e-09
0.12	-6.00067e-09
0.125	-5.85673e-09
0.13	-5.70569e-09
0.135	-5.62358e-09
0.14	-5.47359e-09
0.145	-5.33394e-09
0.15	-5.24325e-09
0.155	-5.105e-09
0.16	-5.00308e-09
0.165	-4.85135e-09
0.17	-4.74684e-09
0.175	-4.6338e-09
0.18	-4.52966e-09
0.185	-4.44802e-09
0.19	-4.35369e-09
0.195	-4.23403e-09
0.2	-4.14115e-09
0.205	-4.05125e-09
0.21	-3.96237e-09
0.215	-3.87625e-09
0.22	-3.80888e-09
0.225	-3.72831e-09
0.23	-3.63087e-09
0.235	-3.56726e-09
0.24	-3.47576e-09
0.245	-3.40404e-09
0.25	-3.33866e-09
0.255	-3.32272e-09
0.26	-3.23692e-09
0.265	-3.17454e-09
0.27	-3.12899e-09
0.275	-3.06561e-09
0.28	-2.9772e-09
0.285	-2.92529e-09
0.29	-2.86401e-09
0.295	-2.80644e-09
0.3	-2.75058e-09
0.305	-2.69516e-09
0.31	-2.64141e-09
0.315	-2.58839e-09
0.32	-2.5359e-09
0.325	-2.48909e-09
0.33	-2.44189e-09
0.335	-2.39439e-09
0.34	-2.34865e-09
0.345	-2.3017e-09
0.35	-2.25306e-09
0.355	-2.23015e-09
0.36	-2.18751e-09
0.365	-2.12947e-09
0.37	-2.10199e-09
0.375	-2.0646e-09
0.38	-2.01872e-09
0.385	-1.98271e-09
0.39	-1.9466e-09
0.395	-1.91139e-09
0.4	-1.87719e-09
0.405	-1.84563e-09
0.41	-1.81299e-09
0.415	-1.77855e-09
0.42	-1.74935e-09
0.425	-1.71772e-09
0.43	-1.69006e-09
0.435	-1.66003e-09
0.44	-1.63197e-09
0.445	-1.60568e-09
0.45	-1.57757e-09
0.455	-1.54992e-09
0.46	-1.54294e-09
0.465	-1.49674e-09
0.47	-1.4808e-09
0.475	-1.44699e-09
0.48	-1.42606e-09
0.485	-1.40699e-09
0.49	-1.38859e-09
0.495	-1.3605e-09
0.5	-1.3376e-09
