0.005	-1.75763e-10
0.01	-1.94574e-12
0.015	-3.18518e-12
0.02	5.30608e-12
0.025	-7.86862e-12
0.03	-3.10226e-12
0.035	-2.38757e-12
0.04	-4.55005e-12
0.045	1.78368e-12
0.05	7.70412e-13
0.055	-7.51554e-14
0.06	3.67591e-13
0.065	-8.45915e-13
0.07	1.56056e-12
0.075	1.11314e-12
0.08	3.82707e-13
0.085	1.3909e-13
0.09	-1.89656e-12
0.095	-1.38009e-12
0.1	-9.53313e-13
0.105	-8.37937e-13
0.11	-6.88748e-13
0.115	-9.33593e-13
0.12	-7.84281e-13
0.125	-1.36808e-12
0.13	-1.96949e-12
0.135	-2.78662e-12
0.14	-3.16985e-12
0.145	-3.19243e-12
0.15	-2.99927e-12
0.155	-2.64924e-12
0.16	-2.03553e-12
0.165	-1.75529e-12
0.17	-1.70095e-12
0.175	-1.97185e-12
0.18	-2.02321e-12
0.185	-3.46328e-12
0.19	-2.70516e-12
0.195	-2.1991e-12
0.2	-2.49334e-12
0.205	-3.02745e-12
0.21	-3.39888e-12
0.215	-3.89389e-12
0.22	-2.99094e-12
0.225	-2.98562e-12
0.23	-4.78199e-12
0.235	-1.72327e-12
0.24	-2.52419e-12
0.245	-1.44523e-12
0.25	-1.37401e-12
0.255	-2.49067e-12
0.26	-1.55894e-12
0.265	-1.5072e-12
0.27	-1.27628e-12
0.275	-1.1012e-12
0.28	-8.01095e-13
0.285	-1.02077e-12
0.29	-9.55457e-13
0.295	-5.17872e-14
0.3	-2.208e-12
0.305	-1.89378e-12
0.31	-1.46686e-12
0.315	-1.35798e-12
0.32	-1.03413e-12
0.325	-1.04189e-12
0.33	-9.14325e-13
0.335	-9.74929e-13
0.34	-9.77985e-13
0.345	-1.14991e-12
0.35	-1.18303e-12
0.355	-1.39376e-12
0.36	-1.58801e-12
0.365	-1.56247e-12
0.37	-1.50968e-12
0.375	-1.44122e-12
0.38	-1.52815e-12
0.385	-1.40704e-12
0.39	-1.10941e-12
0.395	-1.17233e-12
0.4	-3.23354e-13
0.405	6.73241e-14
0.41	-6.35653e-13
0.415	-1.46926e-12
0.42	-9.99734e-13
0.425	8.03235e-13
0.43	9.48297e-13
0.435	1.38052e-12
0.44	-2.06778e-13
0.445	-1.46637e-12
0.45	-1.3255e-13
0.455	-1.16913e-11
0.46	-5.60547e-12
0.465	-7.43352e-12
0.47	-3.7636e-12
0.475	-4.40466e-12
0.48	9.87366e-14
0.485	-3.83455e-12
0.49	8.88031e-13
0.495	-2.77595e-12
0.5	2.30041e-12
