0.005	-5.12386e-08
0.01	7.63209e-09
0.015	-1.11023e-09
0.02	-1.15802e-08
0.025	-2.12708e-08
0.03	-3.07737e-08
0.035	-4.00281e-08
0.04	-4.89467e-08
0.045	-5.76389e-08
0.05	-6.60854e-08
0.055	-7.43174e-08
0.06	-8.23465e-08
0.065	-9.01773e-08
0.07	-9.78188e-08
0.075	-1.05272e-07
0.08	-1.12549e-07
0.085	-1.19656e-07
0.09	-1.26562e-07
0.095	-1.33322e-07
0.1	-1.39922e-07
0.105	-1.46366e-07
0.11	-1.52661e-07
0.115	-1.58807e-07
0.12	-1.64809e-07
0.125	-1.70666e-07
0.13	-1.76373e-07
0.135	-1.81999e-07
0.14	-1.87475e-07
0.145	-1.92812e-07
0.15	-1.98059e-07
0.155	-2.03167e-07
0.16	-2.08172e-07
0.165	-2.13026e-07
0.17	-2.17774e-07
0.175	-2.2241e-07
0.18	-2.26941e-07
0.185	-2.31392e-07
0.19	-2.35749e-07
0.195	-2.39985e-07
0.2	-2.44129e-07
0.205	-2.48183e-07
0.21	-2.52148e-07
0.215	-2.56028e-07
0.22	-2.5984e-07
0.225	-2.63572e-07
0.23	-2.67205e-07
0.235	-2.70778e-07
0.24	-2.74255e-07
0.245	-2.77662e-07
0.25	-2.81002e-07
0.255	-2.84326e-07
0.26	-2.87565e-07
0.265	-2.90741e-07
0.27	-2.93872e-07
0.275	-2.96939e-07
0.28	-2.99917e-07
0.285	-3.02843e-07
0.29	-3.05708e-07
0.295	-3.08515e-07
0.3	-3.11266e-07
0.305	-3.13963e-07
0.31	-3.16607e-07
0.315	-3.19197e-07
0.32	-3.21734e-07
0.325	-3.24224e-07
0.33	-3.26667e-07
0.335	-3.29062e-07
0.34	-3.31412e-07
0.345	-3.33715e-07
0.35	-3.35969e-07
0.355	-3.382e-07
0.36	-3.40389e-07
0.365	-3.4252e-07
0.37	-3.44624e-07
0.375	-3.4669e-07
0.38	-3.4871e-07
0.385	-3.50694e-07
0.39	-3.52642e-07
0.395	-3.54555e-07
0.4	-3.56433e-07
0.405	-3.58279e-07
0.41	-3.60092e-07
0.415	-3.61871e-07
0.42	-3.63622e-07
0.425	-3.65341e-07
0.43	-3.6703e-07
0.435	-3.68689e-07
0.44	-3.7032e-07
0.445	-3.71925e-07
0.45	-3.73504e-07
0.455	-3.75054e-07
0.46	-3.76609e-07
0.465	-3.78111e-07
0.47	-3.796e-07
0.475	-3.8105e-07
0.48	-3.82481e-07
0.485	-3.83888e-07
0.49	-3.8528e-07
0.495	-3.8664e-07
0.5	-3.8798e-07
