0.005	1.07785e-05
0.01	1.08333e-05
0.015	9.34154e-07
0.02	4.52161e-07
0.025	3.111e-07
0.03	2.4327e-07
0.035	2.00975e-07
0.04	1.39316e-07
0.045	1.17881e-07
0.05	1.01307e-07
0.055	8.88404e-08
0.06	7.97394e-08
0.065	7.2475e-08
0.07	6.6494e-08
0.075	6.11325e-08
0.08	5.63733e-08
0.085	5.24044e-08
0.09	4.13292e-08
0.095	3.90632e-08
0.1	3.7512e-08
0.105	3.5773e-08
0.11	3.43849e-08
0.115	3.28866e-08
0.12	3.19518e-08
0.125	3.11408e-08
0.13	3.04867e-08
0.135	2.96587e-08
0.14	2.90226e-08
0.145	2.82923e-08
0.15	2.72389e-08
0.155	2.58687e-08
0.16	2.27968e-08
0.165	2.16531e-08
0.17	2.09634e-08
0.175	2.01184e-08
0.18	1.94351e-08
0.185	2.21054e-08
0.19	2.04752e-08
0.195	1.7678e-08
0.2	1.71295e-08
0.205	1.62742e-08
0.21	1.58775e-08
0.215	1.54316e-08
0.22	1.95471e-08
0.225	1.85489e-08
0.23	1.43452e-08
0.235	1.73039e-08
0.24	1.34664e-08
0.245	1.31856e-08
0.25	1.27922e-08
0.255	1.62029e-08
0.26	1.48345e-08
0.265	1.46476e-08
0.27	1.35208e-08
0.275	1.52461e-08
0.28	1.49516e-08
0.285	1.2684e-08
0.29	1.23186e-08
0.295	1.20387e-08
0.3	1.34799e-08
0.305	1.32888e-08
0.31	1.30657e-08
0.315	1.254e-08
0.32	1.25384e-08
0.325	1.18937e-08
0.33	1.16269e-08
0.335	1.14839e-08
0.34	1.11062e-08
0.345	1.07737e-08
0.35	1.06171e-08
0.355	1.04389e-08
0.36	1.03788e-08
0.365	9.96727e-09
0.37	9.54498e-09
0.375	9.41749e-09
0.38	9.44306e-09
0.385	8.81676e-09
0.39	8.82212e-09
0.395	8.50903e-09
0.4	1.24721e-08
0.405	1.14996e-08
0.41	7.9806e-09
0.415	7.58794e-09
0.42	7.31667e-09
0.425	9.80892e-09
0.43	9.82546e-09
0.435	9.39053e-09
0.44	9.80389e-09
0.445	9.1302e-09
0.45	8.45131e-09
0.455	8.24692e-09
0.46	8.0662e-09
0.465	7.86303e-09
0.47	7.73499e-09
0.475	7.46232e-09
0.48	7.79038e-09
0.485	7.23331e-09
0.49	7.15775e-09
0.495	7.24905e-09
0.5	6.81892e-09
