0.005	0.5
0.01	0.69
0.015	0.84
0.02	0.97
0.025	1.11
0.03	1.22
0.035	1.35
0.04	1.46
0.045	1.61
0.05	1.74
0.055	1.86
0.06	1.98
0.065	2.16
0.07	2.26
0.075	2.37
0.08	2.5
0.085	2.62
0.09	2.78
0.095	2.95
0.1	3.3
0.105	3.44
0.11	3.58
0.115	3.7
0.12	3.83
0.125	3.95
0.13	4.09
0.135	4.22
0.14	4.34
0.145	4.47
0.15	4.6
0.155	4.72
0.16	4.85
0.165	4.99
0.17	5.11
0.175	5.23
0.18	5.35
0.185	5.47
0.19	5.59
0.195	5.72
0.2	6
0.205	6.17
0.21	6.29
0.215	6.39
0.22	6.52
0.225	6.66
0.23	6.78
0.235	6.91
0.24	7.01
0.245	7.14
0.25	7.27
0.255	7.38
0.26	7.48
0.265	7.61
0.27	7.72
0.275	7.83
0.28	7.94
0.285	8.04
0.29	8.15
0.295	8.28
0.3	8.59
0.305	8.7
0.31	8.8
0.315	8.93
0.32	9.05
0.325	9.16
0.33	9.27
0.335	9.39
0.34	9.47
0.345	9.58
0.35	9.69
0.355	9.85
0.36	9.97
0.365	10.08
0.37	10.21
0.375	10.32
0.38	10.44
0.385	10.54
0.39	10.67
0.395	10.78
0.4	11.09
0.405	11.21
0.41	11.33
0.415	11.48
0.42	11.63
0.425	11.73
0.43	11.86
0.435	11.97
0.44	12.08
0.445	12.19
0.45	12.28
0.455	12.38
0.46	12.5
0.465	12.6
0.47	12.71
0.475	12.79
0.48	12.91
0.485	13
0.49	13.09
0.495	13.19
0.5	13.45
