0.005	0
0.01	0.33285
0.015	0.00899832
0.02	0.00677777
0.025	0.00583383
0.03	0.00521552
0.035	0.00476777
0.04	0.00442882
0.045	0.00416102
0.05	0.00393788
0.055	0.00375059
0.06	0.00359436
0.065	0.00346548
0.07	0.00335775
0.075	0.00326307
0.08	0.00317628
0.085	0.0030971
0.09	0.00302242
0.095	0.00295427
0.1	0.0028921
0.105	0.00283981
0.11	0.0027946
0.115	0.00275135
0.12	0.00271615
0.125	0.00268243
0.13	0.00265281
0.135	0.00262546
0.14	0.00259856
0.145	0.00257377
0.15	0.0025497
0.155	0.00252492
0.16	0.00249832
0.165	0.00247251
0.17	0.0024468
0.175	0.00242203
0.18	0.00239721
0.185	0.00237261
0.19	0.0023453
0.195	0.00231498
0.2	0.00228879
0.205	0.00226395
0.21	0.00223976
0.215	0.00221548
0.22	0.00219072
0.225	0.00216501
0.23	0.00213822
0.235	0.00211491
0.24	0.00208991
0.245	0.00206502
0.25	0.00203964
0.255	0.00201252
0.26	0.00198533
0.265	0.00195668
0.27	0.00192849
0.275	0.00190062
0.28	0.00187313
0.285	0.00184707
0.29	0.0018231
0.295	0.00180025
0.3	0.00177677
0.305	0.0017532
0.31	0.00172991
0.315	0.00170859
0.32	0.00168844
0.325	0.00166905
0.33	0.00164896
0.335	0.0016281
0.34	0.00160685
0.345	0.00158423
0.35	0.00156089
0.355	0.00153694
0.36	0.00151212
0.365	0.00148772
0.37	0.00146488
0.375	0.00144195
0.38	0.00141976
0.385	0.00139793
0.39	0.00137456
0.395	0.00135139
0.4	0.00132846
0.405	0.00130737
0.41	0.00128703
0.415	0.00126749
0.42	0.00124842
0.425	0.00123008
0.43	0.00121233
0.435	0.00119644
0.44	0.0011796
0.445	0.00116484
0.45	0.00114909
0.455	0.00113364
0.46	0.00111946
0.465	0.00110574
0.47	0.00109192
0.475	0.00107773
0.48	0.00106368
0.485	0.00105109
0.49	0.00103732
0.495	0.00102407
0.5	0.00101439
