0.005	1
0.01	0.54192
0.015	0.00848309
0.02	0.00736537
0.025	0.00669191
0.03	0.00623232
0.035	0.00589141
0.04	0.00561402
0.045	0.00536933
0.05	0.00515359
0.055	0.00495721
0.06	0.00477518
0.065	0.00460548
0.07	0.00444545
0.075	0.0042961
0.08	0.00415772
0.085	0.00402947
0.09	0.00391019
0.095	0.00379822
0.1	0.0036951
0.105	0.00360319
0.11	0.0035222
0.115	0.00344386
0.12	0.00336769
0.125	0.00329355
0.13	0.00322244
0.135	0.00315419
0.14	0.00308861
0.145	0.0030249
0.15	0.00296354
0.155	0.00290465
0.16	0.00284825
0.165	0.00279367
0.17	0.00274263
0.175	0.00269254
0.18	0.00264376
0.185	0.00259725
0.19	0.00255246
0.195	0.00250912
0.2	0.0024662
0.205	0.00242415
0.21	0.00238304
0.215	0.00234335
0.22	0.00230505
0.225	0.00226756
0.23	0.00223097
0.235	0.00219499
0.24	0.00215986
0.245	0.00212523
0.25	0.00209161
0.255	0.0020587
0.26	0.00202669
0.265	0.00199552
0.27	0.00196492
0.275	0.00193461
0.28	0.0019048
0.285	0.00187569
0.29	0.00184713
0.295	0.00181948
0.3	0.00179249
0.305	0.00176604
0.31	0.00174015
0.315	0.00171466
0.32	0.00168978
0.325	0.00166539
0.33	0.00164147
0.335	0.00161816
0.34	0.00159561
0.345	0.00157338
0.35	0.00155159
0.355	0.00153012
0.36	0.00150886
0.365	0.00148783
0.37	0.00146715
0.375	0.00144668
0.38	0.00142654
0.385	0.00140669
0.39	0.00138718
0.395	0.00136788
0.4	0.00134889
0.405	0.00133027
0.41	0.00131192
0.415	0.001294
0.42	0.00127659
0.425	0.00125948
0.43	0.0012427
0.435	0.00122631
0.44	0.00121024
0.445	0.00119461
0.45	0.00117992
0.455	0.00116546
0.46	0.00115126
0.465	0.00113715
0.47	0.00112313
0.475	0.00110924
0.48	0.00109555
0.485	0.00108198
0.49	0.00106859
0.495	0.00105537
0.5	0.00104222
